Serial: 1229 primes up to 10000 and took 0.000253 seconds
Serial: 9592 primes up to 100000 and took 0.002975 seconds
Serial: 78498 primes up to 1000000 and took 0.025457 seconds
Serial: 664579 primes up to 10000000 and took 0.251785 seconds
